14
27
57
120
309
74
270
604
804
652
691
167
265
697
937
257
42
715
424
178
1
558
168
752
471
762
994
60
203
442
707
620
632
519
587
870
140
152
973
678
350
816
394
16
209
988
814
384
606
651
358
768
314
130
854
510
916
392
131
887
245
527
223
227
235
577
947
670
232
779
288
375
547
374
590
153
934
733
841
283
323
969
432
576
409
311
926
731
216
601
548
254
310
647
797
230
997
141
327
351
956
561
248
679
495
534
202
920
219
995
810
420
383
298
659
337
407
593
745
650
864
34
469
563
347
376
757
546
866
373
486
703
605
594
766
688
795
188
116
335
397
68
59
680
33
798
838
225
67
35
317
443
828
249
399
975
914
368
636
282
586
672
379
893
902
726
865
137
714
625
343
159
532
98
801
544
412
736
366
911
581
271
319
898
584
609
125
201
592
481
837
470
410
324
613
62
846
873
488
628
786
413
661
9
274
610
890
2
857
246
222
186
773
280
390
435
844
103
12
872
635
719
313
888
197
163
669
174
513
634
829
36
293
15
433
191
398
826
913
301
674
734
363
316
196
377
346
344
63
747
759
968
619
871
879
935
505
480
180
827
754
218
119
717
782
155
296
50
367
978
417
354
494
614
448
526
607
441
775
492
485
952
430
454
730
388
977
765
289
133
713
709
874
272
633
170
655
143
946
231
503
447
769
266
339
144
463
32
571
641
598
695
876
559
941
851
753
452
369
521
867
477
583
905
853
110
17
858
783
360
764
910
833
478
118
802
182
65
541
808
987
212
885
682
729
578
312
743
909
807
88
938
55
20
444
158
572
849
663
473
511
414
102
108
418
748
357
878
882
780
627
504
996
836
142
839
602
785
148
84
777
487
591
403
169
54
965
338
41
90
124
352
5
126
135
904
716
465
665
530
908
8
954
531
668
164
681
228
11
948
971
176
611
156
99
744
845
811
45
776
4
738
928
129
263
449
666
912
467
483
497
525
267
698
959
211
998
25
290
342
179
536
400
656
933
345
617
259
868
830
123
842
77
630
48
677
160
856
207
892
823
542
157
595
553
393
533
796
294
825
462
895
220
96
723
654
615
554
297
175
512
112
675
721
53
24
308
355
28
847
704
206
100
378
623
899
382
815
365
395
740
190
136
18
982
755
758
86
171
396
877
638
56
261
385
94
81
932
439
58
522
61
637
428
861
255
794
812
852
46
787
431
574
434
93
445
523
891
239
429
961
660
43
931
711
639
21
251
993
490
29
705
991
843
161
299
699
906
618
936
658
411
855
40
552
474
622
818
372
907
570
37
901
896
284
517
236
690
303
540
281
408
185
950
979
955
791
455
440
976
154
999
684
252
949
286
683
285
406
80
943
579
520
364
771
253
840
869
332
929
244
588
482
380
927
739
162
894
493
642
972
967
792
79
930
165
974
166
629
599
217
689
922
516
199
322
466
616
91
582
850
881
146
31
208
264
567
985
560
370
992
735
247
589
942
750
686
320
983
685
960
800
724
7
386
712
151
501
325
710
200
82
122
459
292
624
957
416
925
241
692
192
268
353
919
918
189
751
514
551
822
145
781
903
387
210
306
425
340
106
250
499
884
104
214
981
608
524
897
924
64
453
38
329
476
19
649
242
132
348
737
349
557
334
262
330
109
696
371
506
502
562
921
113
422
953
300
391
728
880
51
539
725
799
421
631
970
234
49
820
72
52
515
229
774
121
194
451
287
603
537
585
789
575
331
177
256
573
389
784
518
569
819
318
260
500
788
859
568
304
883
30
405
671
951
640
457
498
275
78
66
198
664
543
128
848
746
990
767
307
195
475
673
273
213
419
702
187
105
863
147
809
803
772
741
694
269
76
550
564
496
940
115
224
92
706
149
831
71
687
900
404
472
980
749
834
1000
962
423
790
6
805
181
545
923
718
778
173
817
279
139
258
47
580
215
538
276
117
226
446
221
662
240
328
23
813
450
958
596
701
566
233
645
321
489
85
944
529
3
727
917
653
508
277
464
402
507
39
915
336
460
989
456
657
889
134
89
479
381
302
193
172
832
333
986
205
760
732
305
565
835
415
111
356
114
295
138
693
291
806
427
626
70
26
438
963
238
107
184
73
491
945
528
600
13
708
860
821
648
535
44
468
461
204
361
824
97
556
150
700
83
597
341
761
10
875
549
984
862
436
756
22
612
183
886
793
722
770
87
243
237
127
939
69
95
101
326
966
362
75
426
763
742
278
676
964
484
667
646
359
644
621
401
720
315
643
458
555
509
437
